[
    {
        "jaw_width_": 0.0,
        "gripper_pose": [
            [
                -0.01675595816214395,
                -0.05001120976520657,
                -0.9986080896747678
            ],
            [
                -0.3172450821712635,
                -0.9468757440139849,
                0.0527435610867432
            ],
            [
                -0.9481955471864529,
                0.31768727436865213,
                0.0
            ],
            -0.004328794305011751,
            -0.004733195287044528,
            0.014751605928863522
        ],
        "axis_": [
            -0.01675595816214395,
            -0.3172450821712635,
            -0.9481955471864529
        ],
        "min_grasp_width_": 0.0,
        "grasp_id_": null,
        "approach_angle_": 0.0,
        "center_": [
            -0.004328794305011751,
            -0.004733195287044528,
            0.014751605928863522
        ],
        "score": 0.0,
        "frame_": "object",
        "max_grasp_width_": 0.05,
        "endpoints": [
            [
                -0.0039098953509581515,
                0.0031979317672370597,
                0.03845649460852485
            ],
            [
                -0.00474769325906535,
                -0.012664322341326115,
                -0.008953282750797802
            ]
        ]
    },
    {
        "jaw_width_": 0.0,
        "gripper_pose": [
            [
                -0.8433932789052272,
                0.06076313477442775,
                -0.5338498089817719
            ],
            [
                -0.5324696710915663,
                0.038362324193323055,
                0.8455793170661907
            ],
            [
                0.07185976944806385,
                0.9974147449957169,
                0.0
            ],
            0.001415170301118849,
            -0.0008160364038696313,
            0.02614454305870819
        ],
        "axis_": [
            -0.8433932789052272,
            -0.5324696710915663,
            0.07185976944806385
        ],
        "min_grasp_width_": 0.0,
        "grasp_id_": null,
        "approach_angle_": 0.0,
        "center_": [
            0.001415170301118849,
            -0.0008160364038696313,
            0.02614454305870819
        ],
        "score": 0.0,
        "frame_": "object",
        "max_grasp_width_": 0.05,
        "endpoints": [
            [
                0.02250000227374953,
                0.012495705373419527,
                0.024348048822506595
            ],
            [
                -0.019669661671511834,
                -0.01412777818115879,
                0.027941037294909786
            ]
        ]
    },
    {
        "jaw_width_": 0.0,
        "gripper_pose": [
            [
                -0.7258586016508691,
                0.16244829654295453,
                -0.6683859972798183
            ],
            [
                -0.6522508775469039,
                0.14597477213214327,
                0.7438145996417808
            ],
            [
                0.21839890830482384,
                0.975859578449308,
                0.0
            ],
            -0.002341432090391159,
            0.0017328322149887075,
            0.013060759208206176
        ],
        "axis_": [
            -0.7258586016508691,
            -0.6522508775469039,
            0.21839890830482384
        ],
        "min_grasp_width_": 0.0,
        "grasp_id_": null,
        "approach_angle_": 0.0,
        "center_": [
            -0.002341432090391159,
            0.0017328322149887075,
            0.013060759208206176
        ],
        "score": 53.4833321328773,
        "frame_": "object",
        "max_grasp_width_": 0.05,
        "endpoints": [
            [
                0.015805032950880572,
                0.018039104153661306,
                0.00760078650058558
            ],
            [
                -0.020487897131662887,
                -0.014573439723683891,
                0.018520731915826774
            ]
        ]
    },
    {
        "jaw_width_": 0.0,
        "gripper_pose": [
            [
                0.06761242349825433,
                -0.010255731320526101,
                -0.9976589498239234
            ],
            [
                -0.9863761715925857,
                0.14961760684534392,
                -0.06838581604562538
            ],
            [
                0.14996869107599334,
                0.9886907462381517,
                0.0
            ],
            -0.0015454565464248678,
            -0.0007871091521911636,
            0.011121262112060545
        ],
        "axis_": [
            0.06761242349825433,
            -0.9863761715925857,
            0.14996869107599334
        ],
        "min_grasp_width_": 0.0,
        "grasp_id_": null,
        "approach_angle_": 0.0,
        "center_": [
            -0.0015454565464248678,
            -0.0007871091521911636,
            0.011121262112060545
        ],
        "score": 58.26067951378686,
        "frame_": "object",
        "max_grasp_width_": 0.05,
        "endpoints": [
            [
                -0.003235767133881226,
                0.02387229513762348,
                0.007372044835160711
            ],
            [
                0.00014485404103149052,
                -0.025446513442005807,
                0.014870479388960378
            ]
        ]
    },
    {
        "jaw_width_": 0.0,
        "gripper_pose": [
            [
                0.7647487982212312,
                -0.008468019864738729,
                -0.6442728989013531
            ],
            [
                -0.644233405361379,
                0.007133559786975002,
                -0.7647956797349518
            ],
            [
                0.011072264251902433,
                0.9999387006033602,
                0.0
            ],
            0.0017786483635845157,
            0.0020910079111709588,
            0.015963043608604427
        ],
        "axis_": [
            0.7647487982212312,
            -0.644233405361379,
            0.011072264251902433
        ],
        "min_grasp_width_": 0.0,
        "grasp_id_": null,
        "approach_angle_": 0.0,
        "center_": [
            0.0017786483635845157,
            0.0020910079111709588,
            0.015963043608604427
        ],
        "score": 43.55238661579792,
        "frame_": "object",
        "max_grasp_width_": 0.05,
        "endpoints": [
            [
                -0.01734007159194627,
                0.018196843045205434,
                0.015686237002306865
            ],
            [
                0.020897368319115296,
                -0.014014827222863515,
                0.01623985021490199
            ]
        ]
    },
    {
        "jaw_width_": 0.0,
        "gripper_pose": [
            [
                -0.9444981443258186,
                0.27463292304619735,
                -0.1802775996739107
            ],
            [
                -0.17310810093862558,
                0.050334862010433856,
                0.9836157720654002
            ],
            [
                0.2792075227398215,
                0.9602307843667023,
                0.0
            ],
            -0.000403421810850145,
            0.0014836892986640933,
            0.014619528805076599
        ],
        "axis_": [
            -0.9444981443258186,
            -0.17310810093862558,
            0.2792075227398215
        ],
        "min_grasp_width_": 0.0,
        "grasp_id_": null,
        "approach_angle_": 0.0,
        "center_": [
            -0.000403421810850145,
            0.0014836892986640933,
            0.014619528805076599
        ],
        "score": 47.71878989927158,
        "frame_": "object",
        "max_grasp_width_": 0.05,
        "endpoints": [
            [
                0.02320903179729532,
                0.005811391822129733,
                0.007639340736581061
            ],
            [
                -0.02401587541899561,
                -0.0028440132248015466,
                0.021599716873572136
            ]
        ]
    },
    {
        "jaw_width_": 0.0,
        "gripper_pose": [
            [
                0.9033495502605157,
                0.42852584040541225,
                0.018033140296669862
            ],
            [
                0.016292878566580307,
                0.007728923403297926,
                -0.9998373897044662
            ],
            [
                -0.42859553445193393,
                0.9034964680882053,
                0.0
            ],
            6.147697702789216e-05,
            -0.010050186749694824,
            0.015228600862960812
        ],
        "axis_": [
            0.9033495502605157,
            0.016292878566580307,
            -0.42859553445193393
        ],
        "min_grasp_width_": 0.0,
        "grasp_id_": null,
        "approach_angle_": 0.0,
        "center_": [
            6.147697702789216e-05,
            -0.010050186749694824,
            0.015228600862960812
        ],
        "score": 0.0,
        "frame_": "object",
        "max_grasp_width_": 0.05,
        "endpoints": [
            [
                -0.022522261779485,
                -0.010457508713859332,
                0.02594348922425916
            ],
            [
                0.022645215733540787,
                -0.009642864785530317,
                0.004513712501662463
            ]
        ]
    },
    {
        "jaw_width_": 0.0,
        "gripper_pose": [
            [
                0.5018903109066968,
                0.03425715120686441,
                -0.8642526039354289
            ],
            [
                -0.8622463712956892,
                -0.058853705037031114,
                -0.5030580847087449
            ],
            [
                -0.06809780470320488,
                0.9976786501647734,
                0.0
            ],
            0.0006541585893211355,
            0.0006468190741386395,
            -0.012843500102020265
        ],
        "axis_": [
            0.5018903109066968,
            -0.8622463712956892,
            -0.06809780470320488
        ],
        "min_grasp_width_": 0.0,
        "grasp_id_": null,
        "approach_angle_": 0.0,
        "center_": [
            0.0006541585893211355,
            0.0006468190741386395,
            -0.012843500102020265
        ],
        "score": 46.24919952126184,
        "frame_": "object",
        "max_grasp_width_": 0.05,
        "endpoints": [
            [
                -0.011893099183346285,
                0.02220297835653087,
                -0.011141054984440141
            ],
            [
                0.013201416361988556,
                -0.02090934020825359,
                -0.014545945219600388
            ]
        ]
    },
    {
        "jaw_width_": 0.0,
        "gripper_pose": [
            [
                -0.28910841501588697,
                0.3096860310912168,
                0.9058205597765882
            ],
            [
                0.6181357336193062,
                -0.6621322385572944,
                0.4236615553552486
            ],
            [
                0.7309750605799927,
                0.6824041770168733,
                0.0
            ],
            0.0028143494430847155,
            0.005708750563217162,
            0.011473204211418151
        ],
        "axis_": [
            -0.28910841501588697,
            0.6181357336193062,
            0.7309750605799927
        ],
        "min_grasp_width_": 0.0,
        "grasp_id_": null,
        "approach_angle_": 0.0,
        "center_": [
            0.0028143494430847155,
            0.005708750563217162,
            0.011473204211418151
        ],
        "score": 0.0,
        "frame_": "object",
        "max_grasp_width_": 0.05,
        "endpoints": [
            [
                0.010042059818481889,
                -0.009744642777265493,
                -0.0068011723030816686
            ],
            [
                -0.004413360932312459,
                0.021162143903699818,
                0.02974758072591797
            ]
        ]
    },
    {
        "jaw_width_": 0.0,
        "gripper_pose": [
            [
                0.12053587315962008,
                0.2492544168009027,
                -0.9609075600633443
            ],
            [
                -0.41833382284313964,
                -0.8650665590879898,
                -0.2768693934206346
            ],
            [
                -0.9002599157727132,
                0.4353528270873032,
                0.0
            ],
            0.007631463181102749,
            -0.0012743935927200332,
            0.014198774153835296
        ],
        "axis_": [
            0.12053587315962008,
            -0.41833382284313964,
            -0.9002599157727132
        ],
        "min_grasp_width_": 0.0,
        "grasp_id_": null,
        "approach_angle_": 0.0,
        "center_": [
            0.007631463181102749,
            -0.0012743935927200332,
            0.014198774153835296
        ],
        "score": 0.0,
        "frame_": "object",
        "max_grasp_width_": 0.05,
        "endpoints": [
            [
                0.004618066352112246,
                0.009183951978358458,
                0.03670527204815313
            ],
            [
                0.010644860010093252,
                -0.011732739163798524,
                -0.008307723740482536
            ]
        ]
    },
    {
        "jaw_width_": 0.0,
        "gripper_pose": [
            [
                0.6335068189418862,
                -0.2517346033469917,
                -0.731641168765034
            ],
            [
                -0.6799273824243915,
                0.2701805960119646,
                -0.6816899589755852
            ],
            [
                0.36928019847217325,
                0.9293181021675799,
                0.0
            ],
            0.008401755018978115,
            0.00516508136118698,
            0.010142886875419616
        ],
        "axis_": [
            0.6335068189418862,
            -0.6799273824243915,
            0.36928019847217325
        ],
        "min_grasp_width_": 0.0,
        "grasp_id_": null,
        "approach_angle_": 0.0,
        "center_": [
            0.008401755018978115,
            0.00516508136118698,
            0.010142886875419616
        ],
        "score": 0.0,
        "frame_": "object",
        "max_grasp_width_": 0.05,
        "endpoints": [
            [
                -0.00743591545456904,
                0.022163265921796772,
                0.0009108819136152847
            ],
            [
                0.02423942549252527,
                -0.011833103199422811,
                0.019374891837223948
            ]
        ]
    },
    {
        "jaw_width_": 0.0,
        "gripper_pose": [
            [
                -0.29895583999982106,
                0.16350840066612515,
                -0.9401544599913395
            ],
            [
                -0.8248447299411833,
                0.45113366104721525,
                0.3407485749909935
            ],
            [
                0.47985057801179926,
                0.8773502281197298,
                0.0
            ],
            0.003515757803195952,
            -0.003716390044189454,
            0.010345556265312195
        ],
        "axis_": [
            -0.29895583999982106,
            -0.8248447299411833,
            0.47985057801179926
        ],
        "min_grasp_width_": 0.0,
        "grasp_id_": null,
        "approach_angle_": 0.0,
        "center_": [
            0.003515757803195952,
            -0.003716390044189454,
            0.010345556265312195
        ],
        "score": 51.390719762721815,
        "frame_": "object",
        "max_grasp_width_": 0.05,
        "endpoints": [
            [
                0.010989653803191479,
                0.01690472820434013,
                -0.0016507081849827868
            ],
            [
                -0.003958138196799575,
                -0.024337508292719037,
                0.022341820715607176
            ]
        ]
    },
    {
        "jaw_width_": 0.0,
        "gripper_pose": [
            [
                -0.28398751712418613,
                0.6641073802115259,
                -0.6916013863969794
            ],
            [
                -0.2719254658500897,
                0.6359001640890146,
                0.7222793935408763
            ],
            [
                0.9194605109192302,
                0.3931823608202029,
                0.0
            ],
            0.004122363216571806,
            0.006559930740840908,
            0.01576598130359268
        ],
        "axis_": [
            -0.28398751712418613,
            -0.2719254658500897,
            0.9194605109192302
        ],
        "min_grasp_width_": 0.0,
        "grasp_id_": null,
        "approach_angle_": 0.0,
        "center_": [
            0.004122363216571806,
            0.006559930740840908,
            0.01576598130359268
        ],
        "score": 50.41996009266047,
        "frame_": "object",
        "max_grasp_width_": 0.05,
        "endpoints": [
            [
                0.011222051144676459,
                0.01335806738709315,
                -0.007220531469388076
            ],
            [
                -0.0029773247115328473,
                -0.00023820590541133446,
                0.03875249407657344
            ]
        ]
    },
    {
        "jaw_width_": 0.0,
        "gripper_pose": [
            [
                -0.24159990753363664,
                -0.11306290953642158,
                -0.9637667057783731
            ],
            [
                -0.8729107185327456,
                -0.40850109013017716,
                0.26674657792200973
            ],
            [
                -0.42385889415038136,
                0.9057282361998085,
                0.0
            ],
            0.006348961709495542,
            0.002446546215354917,
            0.006507713531536102
        ],
        "axis_": [
            -0.24159990753363664,
            -0.8729107185327456,
            -0.42385889415038136
        ],
        "min_grasp_width_": 0.0,
        "grasp_id_": null,
        "approach_angle_": 0.0,
        "center_": [
            0.006348961709495542,
            0.002446546215354917,
            0.006507713531536102
        ],
        "score": 0.0,
        "frame_": "object",
        "max_grasp_width_": 0.05,
        "endpoints": [
            [
                0.01238895939783646,
                0.024269314178673555,
                0.017104185885295636
            ],
            [
                0.0003089640211546259,
                -0.019376221747963725,
                -0.004088758822223433
            ]
        ]
    },
    {
        "jaw_width_": 0.0,
        "gripper_pose": [
            [
                -0.6623821426902653,
                0.36872035699271033,
                -0.6521466057446142
            ],
            [
                -0.5698118017592537,
                0.31719033081116194,
                0.7580928733445386
            ],
            [
                0.48637887250673845,
                0.8737480142346957,
                0.0
            ],
            -0.0022476490315475467,
            -0.001954388904151918,
            -0.02529033178477764
        ],
        "axis_": [
            -0.6623821426902653,
            -0.5698118017592537,
            0.48637887250673845
        ],
        "min_grasp_width_": 0.0,
        "grasp_id_": null,
        "approach_angle_": 0.0,
        "center_": [
            -0.0022476490315475467,
            -0.001954388904151918,
            -0.02529033178477764
        ],
        "score": 28.97972356258555,
        "frame_": "object",
        "max_grasp_width_": 0.05,
        "endpoints": [
            [
                0.014311904535709085,
                0.012290906139829427,
                -0.0374498035974461
            ],
            [
                -0.01880720259880418,
                -0.016199683948133262,
                -0.01313085997210918
            ]
        ]
    },
    {
        "jaw_width_": 0.0,
        "gripper_pose": [
            [
                -0.763052021664523,
                -0.3731030225810013,
                -0.5277743331904321
            ],
            [
                -0.47413063141270007,
                -0.2318316008028234,
                0.8493846320868977
            ],
            [
                -0.4392627420916539,
                0.8983586385236808,
                0.0
            ],
            0.0002780767352142319,
            0.0016086186698341352,
            0.012926367799209595
        ],
        "axis_": [
            -0.763052021664523,
            -0.47413063141270007,
            -0.4392627420916539
        ],
        "min_grasp_width_": 0.0,
        "grasp_id_": null,
        "approach_angle_": 0.0,
        "center_": [
            0.0002780767352142319,
            0.0016086186698341352,
            0.012926367799209595
        ],
        "score": 57.95821603032824,
        "frame_": "object",
        "max_grasp_width_": 0.05,
        "endpoints": [
            [
                0.01935437727682731,
                0.013461884455151637,
                0.023907936351500944
            ],
            [
                -0.018798223806398846,
                -0.010244647115483367,
                0.0019447992469182468
            ]
        ]
    },
    {
        "jaw_width_": 0.0,
        "gripper_pose": [
            [
                -0.06081763287671893,
                -0.022094029044965314,
                -0.9979043388080006
            ],
            [
                -0.9379302502757287,
                -0.3407343760607986,
                0.06470649571849131
            ],
            [
                -0.34144993944791013,
                0.9398999621507698,
                0.0
            ],
            0.0003546267752761838,
            -0.002458966125083924,
            -0.01829284451132584
        ],
        "axis_": [
            -0.06081763287671893,
            -0.9379302502757287,
            -0.34144993944791013
        ],
        "min_grasp_width_": 0.0,
        "grasp_id_": null,
        "approach_angle_": 0.0,
        "center_": [
            0.0003546267752761838,
            -0.002458966125083924,
            -0.01829284451132584
        ],
        "score": 0.0,
        "frame_": "object",
        "max_grasp_width_": 0.05,
        "endpoints": [
            [
                0.0018750675971941572,
                0.020989290131809293,
                -0.009756596025128085
            ],
            [
                -0.0011658140466417896,
                -0.025907222381977145,
                -0.02682909299752359
            ]
        ]
    },
    {
        "jaw_width_": 0.0,
        "gripper_pose": [
            [
                -0.5992643386649387,
                0.5969878406315264,
                0.5333739500037296
            ],
            [
                0.37786938312712337,
                -0.37643392492934036,
                0.8458795596640334
            ],
            [
                0.7057598612131474,
                0.7084511403762429,
                0.0
            ],
            0.002592201704917904,
            0.006402312419445038,
            0.01395643355482101
        ],
        "axis_": [
            -0.5992643386649387,
            0.37786938312712337,
            0.7057598612131474
        ],
        "min_grasp_width_": 0.0,
        "grasp_id_": null,
        "approach_angle_": 0.0,
        "center_": [
            0.002592201704917904,
            0.006402312419445038,
            0.01395643355482101
        ],
        "score": 0.0,
        "frame_": "object",
        "max_grasp_width_": 0.05,
        "endpoints": [
            [
                0.017573810171541374,
                -0.0030444221587330473,
                -0.0036875629755076765
            ],
            [
                -0.012389406761705564,
                0.01584904699762312,
                0.03160043008514969
            ]
        ]
    },
    {
        "jaw_width_": 0.0,
        "gripper_pose": [
            [
                -0.5061183231279189,
                -0.1455801318351073,
                0.8500886237381702
            ],
            [
                0.8169635923719,
                0.23499182315105424,
                0.526639660290548
            ],
            [
                -0.27643214670689725,
                0.9610334376425289,
                0.0
            ],
            -0.0009100473449401864,
            0.00039680797249984703,
            -0.02417545706436062
        ],
        "axis_": [
            -0.5061183231279189,
            0.8169635923719,
            -0.27643214670689725
        ],
        "min_grasp_width_": 0.0,
        "grasp_id_": null,
        "approach_angle_": 0.0,
        "center_": [
            -0.0009100473449401864,
            0.00039680797249984703,
            -0.02417545706436062
        ],
        "score": 0.0,
        "frame_": "object",
        "max_grasp_width_": 0.05,
        "endpoints": [
            [
                0.011742910733257788,
                -0.020027281836797653,
                -0.017264653396688187
            ],
            [
                -0.013563005423138161,
                0.020820897781797347,
                -0.03108626073203305
            ]
        ]
    },
    {
        "jaw_width_": 0.0,
        "gripper_pose": [
            [
                0.10227504916919113,
                0.07418984434745252,
                0.9919857263656269
            ],
            [
                0.8029711203457767,
                0.5824715110662398,
                -0.12634998491040547
            ],
            [
                -0.5871773107061341,
                0.8094583409860647,
                0.0
            ],
            -0.004137913059135436,
            -2.5224658031463426e-05,
            0.014698360294292449
        ],
        "axis_": [
            0.10227504916919113,
            0.8029711203457767,
            -0.5871773107061341
        ],
        "min_grasp_width_": 0.0,
        "grasp_id_": null,
        "approach_angle_": 0.0,
        "center_": [
            -0.004137913059135436,
            -2.5224658031463426e-05,
            0.014698360294292449
        ],
        "score": 50.090894800736876,
        "frame_": "object",
        "max_grasp_width_": 0.05,
        "endpoints": [
            [
                -0.006694789288365215,
                -0.020099502666675883,
                0.029377793061945802
            ],
            [
                -0.0015810368299056577,
                0.020049053350612956,
                1.892752663909536e-05
            ]
        ]
    },
    {
        "jaw_width_": 0.0,
        "gripper_pose": [
            [
                -0.5158505167428487,
                0.17592668601559935,
                0.8384199696594211
            ],
            [
                0.7935408287480689,
                -0.27063074221812417,
                0.5450247283163354
            ],
            [
                0.3227866129286716,
                0.9464717653020802,
                0.0
            ],
            0.009195482606567381,
            0.005402652851463316,
            0.017132850423416134
        ],
        "axis_": [
            -0.5158505167428487,
            0.7935408287480689,
            0.3227866129286716
        ],
        "min_grasp_width_": 0.0,
        "grasp_id_": null,
        "approach_angle_": 0.0,
        "center_": [
            0.009195482606567381,
            0.005402652851463316,
            0.017132850423416134
        ],
        "score": 0.0,
        "frame_": "object",
        "max_grasp_width_": 0.05,
        "endpoints": [
            [
                0.0220917455251386,
                -0.014435867867238406,
                0.009063185100199343
            ],
            [
                -0.0037007803120038367,
                0.02524117357016504,
                0.025202515746632924
            ]
        ]
    },
    {
        "jaw_width_": 0.0,
        "gripper_pose": [
            [
                -0.35689643204215726,
                0.9313403626890548,
                0.07231919262407308
            ],
            [
                0.025878222932678264,
                -0.06753060935342128,
                0.9973815390201496
            ],
            [
                0.9337854434362449,
                0.35783340485004406,
                0.0
            ],
            -3.6637157569888515e-05,
            -0.008549452911209109,
            0.01472352059365463
        ],
        "axis_": [
            -0.35689643204215726,
            0.025878222932678264,
            0.9337854434362449
        ],
        "min_grasp_width_": 0.0,
        "grasp_id_": null,
        "approach_angle_": 0.0,
        "center_": [
            -3.6637157569888515e-05,
            -0.008549452911209109,
            0.01472352059365463
        ],
        "score": 0.0,
        "frame_": "object",
        "max_grasp_width_": 0.05,
        "endpoints": [
            [
                0.008885773643484043,
                -0.009196408484526065,
                -0.008621115492251495
            ],
            [
                -0.00895904795862382,
                -0.007902497337892153,
                0.038068156679560754
            ]
        ]
    },
    {
        "jaw_width_": 0.0,
        "gripper_pose": [
            [
                -0.9486066294508955,
                0.23198312671656018,
                -0.21524240167917633
            ],
            [
                -0.20908109352419504,
                0.05113108458997026,
                0.9765606527601756
            ],
            [
                0.23755117110327684,
                0.9713750259850527,
                0.0
            ],
            -0.003419445054616931,
            0.0074931721621246325,
            0.008065303657283779
        ],
        "axis_": [
            -0.9486066294508955,
            -0.20908109352419504,
            0.23755117110327684
        ],
        "min_grasp_width_": 0.0,
        "grasp_id_": null,
        "approach_angle_": 0.0,
        "center_": [
            -0.003419445054616931,
            0.0074931721621246325,
            0.008065303657283779
        ],
        "score": 0.0,
        "frame_": "object",
        "max_grasp_width_": 0.05,
        "endpoints": [
            [
                0.020295720681655458,
                0.012720199500229509,
                0.002126524379701858
            ],
            [
                -0.027134610790889316,
                0.0022661448240197564,
                0.0140040829348657
            ]
        ]
    },
    {
        "jaw_width_": 0.0,
        "gripper_pose": [
            [
                -0.71284282256892,
                -0.17891662569130606,
                0.6781179479730739
            ],
            [
                0.6577175016938662,
                0.16508070550125387,
                0.7349530928139478
            ],
            [
                -0.24343951667211844,
                0.9699160797318732,
                0.0
            ],
            -0.006423986186407091,
            -0.003937568461990358,
            0.024758091828674313
        ],
        "axis_": [
            -0.71284282256892,
            0.6577175016938662,
            -0.24343951667211844
        ],
        "min_grasp_width_": 0.0,
        "grasp_id_": null,
        "approach_angle_": 0.0,
        "center_": [
            -0.006423986186407091,
            -0.003937568461990358,
            0.024758091828674313
        ],
        "score": 0.0,
        "frame_": "object",
        "max_grasp_width_": 0.05,
        "endpoints": [
            [
                0.011397084377815909,
                -0.020380506004337013,
                0.030844079745477274
            ],
            [
                -0.02424505675063009,
                0.012505369080356297,
                0.01867210391187135
            ]
        ]
    },
    {
        "jaw_width_": 0.0,
        "gripper_pose": [
            [
                -0.22168180168751814,
                -0.9727604143569013,
                -0.06778167201216982
            ],
            [
                -0.015060599873799702,
                -0.06608731642461109,
                0.9977001778787224
            ],
            [
                -0.9750027472433179,
                0.22219280561706495,
                0.0
            ],
            -0.007669355989444734,
            0.0004700310633926376,
            0.014815858209323879
        ],
        "axis_": [
            -0.22168180168751814,
            -0.015060599873799702,
            -0.9750027472433179
        ],
        "min_grasp_width_": 0.0,
        "grasp_id_": null,
        "approach_angle_": 0.0,
        "center_": [
            -0.007669355989444734,
            0.0004700310633926376,
            0.014815858209323879
        ],
        "score": 43.32786468597436,
        "frame_": "object",
        "max_grasp_width_": 0.05,
        "endpoints": [
            [
                -0.0021273109472567803,
                0.0008465460602376301,
                0.03919092689040683
            ],
            [
                -0.013211401031632687,
                9.351606654764503e-05,
                -0.009559210471759071
            ]
        ]
    },
    {
        "jaw_width_": 0.0,
        "gripper_pose": [
            [
                -0.8457856588038711,
                -0.0427448457420297,
                0.5318077636930395
            ],
            [
                0.5311299027938714,
                0.02684257592640012,
                0.8468651028799145
            ],
            [
                -0.050474208462089526,
                0.9987253647926067,
                0.0
            ],
            0.0005360151174335446,
            0.0008915711530876145,
            0.015568806042549132
        ],
        "axis_": [
            -0.8457856588038711,
            0.5311299027938714,
            -0.050474208462089526
        ],
        "min_grasp_width_": 0.0,
        "grasp_id_": null,
        "approach_angle_": 0.0,
        "center_": [
            0.0005360151174335446,
            0.0008915711530876145,
            0.015568806042549132
        ],
        "score": 45.72506568519335,
        "frame_": "object",
        "max_grasp_width_": 0.05,
        "endpoints": [
            [
                0.021680656587530323,
                -0.012386676416759172,
                0.01683066125410137
            ],
            [
                -0.020608626352663237,
                0.0141698187229344,
                0.014306950830996893
            ]
        ]
    },
    {
        "jaw_width_": 0.0,
        "gripper_pose": [
            [
                0.8811423463217588,
                -0.2532220901266303,
                0.39933286690489983
            ],
            [
                0.38379885730364366,
                -0.11029585542033671,
                -0.9168060107839137
            ],
            [
                0.27620029444409194,
                0.961100097465918,
                0.0
            ],
            4.613203145217848e-05,
            0.0006858466965675332,
            0.014539305067096706
        ],
        "axis_": [
            0.8811423463217588,
            0.38379885730364366,
            0.27620029444409194
        ],
        "min_grasp_width_": 0.0,
        "grasp_id_": null,
        "approach_angle_": 0.0,
        "center_": [
            4.613203145217848e-05,
            0.0006858466965675332,
            0.014539305067096706
        ],
        "score": 50.56148879495175,
        "frame_": "object",
        "max_grasp_width_": 0.05,
        "endpoints": [
            [
                -0.02198242662659179,
                -0.008909124736023559,
                0.007634297705994407
            ],
            [
                0.02207469068949615,
                0.010280818129158625,
                0.021444312428199004
            ]
        ]
    },
    {
        "jaw_width_": 0.0,
        "gripper_pose": [
            [
                -0.7636673267891736,
                0.46049081549889037,
                -0.45250461084484483
            ],
            [
                -0.38750581666008704,
                0.2336657118416039,
                0.8917620630886669
            ],
            [
                0.5163830516673418,
                0.8563577196188071,
                0.0
            ],
            0.0048664387475318895,
            -0.005088436753284457,
            0.019343160919242857
        ],
        "axis_": [
            -0.7636673267891736,
            -0.38750581666008704,
            0.5163830516673418
        ],
        "min_grasp_width_": 0.0,
        "grasp_id_": null,
        "approach_angle_": 0.0,
        "center_": [
            0.0048664387475318895,
            -0.005088436753284457,
            0.019343160919242857
        ],
        "score": 23.509653080433544,
        "frame_": "object",
        "max_grasp_width_": 0.05,
        "endpoints": [
            [
                0.02395812191726123,
                0.004599208663217719,
                0.006433584627559313
            ],
            [
                -0.01422524442219745,
                -0.014776082169786634,
                0.032252737210926405
            ]
        ]
    },
    {
        "jaw_width_": 0.0,
        "gripper_pose": [
            [
                -0.2771303214833929,
                -0.055840212236920386,
                0.9592083483851915
            ],
            [
                0.9403099664141216,
                0.18946720738460418,
                0.2827000961940993
            ],
            [
                -0.19752456043941707,
                0.9802979383958813,
                0.0
            ],
            -0.0003902906721534767,
            0.00021028341450118893,
            -0.02667596638210487
        ],
        "axis_": [
            -0.2771303214833929,
            0.9403099664141216,
            -0.19752456043941707
        ],
        "min_grasp_width_": 0.0,
        "grasp_id_": null,
        "approach_angle_": 0.0,
        "center_": [
            -0.0003902906721534767,
            0.00021028341450118893,
            -0.02667596638210487
        ],
        "score": 24.54665050399326,
        "frame_": "object",
        "max_grasp_width_": 0.05,
        "endpoints": [
            [
                0.006537967364931346,
                -0.023297465745851852,
                -0.021737852371119443
            ],
            [
                -0.007318548709238299,
                0.02371803257485423,
                -0.0316140803930903
            ]
        ]
    },
    {
        "jaw_width_": 0.0,
        "gripper_pose": [
            [
                -0.4213869160462346,
                0.07984990318387372,
                -0.9033587659100728
            ],
            [
                -0.8875641416504666,
                0.16818725993023395,
                0.4288856957901842
            ],
            [
                0.1861799168581673,
                0.9825156683527678,
                0.0
            ],
            -0.0013827919799804696,
            -0.0028514817683753975,
            -0.026326780541267393
        ],
        "axis_": [
            -0.4213869160462346,
            -0.8875641416504666,
            0.1861799168581673
        ],
        "min_grasp_width_": 0.0,
        "grasp_id_": null,
        "approach_angle_": 0.0,
        "center_": [
            -0.0013827919799804696,
            -0.0028514817683753975,
            -0.026326780541267393
        ],
        "score": 24.23327860122813,
        "frame_": "object",
        "max_grasp_width_": 0.05,
